Исходная матрица

13.0655 14.0655 12.5027 10.9398 9.377 7.81417 6.25133 4.6885 3.12567 1.56283 
-3.50555 -4.50555 -0.379887 -0.332401 -0.284915 -0.23743 -0.189944 -0.142458 -0.0949718 -0.0474859 
-3.6854 -3.6854 -6.24823 -0.654703 -0.561174 -0.467645 -0.374116 -0.280587 -0.187058 -0.093529 
-3.66402 -3.66402 -3.66402 -7.7422 -0.820381 -0.683651 -0.546921 -0.410191 -0.27346 -0.13673 
-3.44906 -3.44906 -3.44906 -3.44906 -8.94906 -0.878885 -0.703108 -0.527331 -0.351554 -0.175777 
-3.05655 -3.05655 -3.05655 -3.05655 -3.05655 -9.84164 -0.837931 -0.628449 -0.418966 -0.209483 
-2.51013 -2.51013 -2.51013 -2.51013 -2.51013 -2.51013 -10.4045 -0.710471 -0.473647 -0.236824 
-1.83995 -1.83995 -1.83995 -1.83995 -1.83995 -1.83995 -1.83995 -10.6342 -0.513938 -0.256969 
-1.08138 -1.08138 -1.08138 -1.08138 -1.08138 -1.08138 -1.08138 -1.08138 -10.5386 -0.269306 
-0.27346 -0.27346 -0.27346 -0.27346 -0.27346 -0.27346 -0.27346 -0.27346 -0.27346 -10.1367 

Обратная матрица

nan -nan(ind) -nan(ind) -nan(ind) -nan(ind) -nan(ind) -nan(ind) -nan(ind) -nan(ind) nan 
-nan(ind) nan -nan(ind) -nan(ind) -nan(ind) -nan(ind) -nan(ind) -nan(ind) -nan(ind) nan 
-nan(ind) -nan(ind) nan -nan(ind) -nan(ind) -nan(ind) -nan(ind) -nan(ind) -nan(ind) nan 
-nan(ind) -nan(ind) -nan(ind) nan -nan(ind) -nan(ind) -nan(ind) -nan(ind) -nan(ind) nan 
-nan(ind) -nan(ind) -nan(ind) -nan(ind) nan -nan(ind) -nan(ind) -nan(ind) -nan(ind) nan 
-nan(ind) -nan(ind) -nan(ind) -nan(ind) -nan(ind) nan -nan(ind) -nan(ind) -nan(ind) nan 
-nan(ind) -nan(ind) -nan(ind) -nan(ind) -nan(ind) -nan(ind) nan -nan(ind) -nan(ind) nan 
-nan(ind) -nan(ind) -nan(ind) -nan(ind) -nan(ind) -nan(ind) -nan(ind) nan -nan(ind) nan 
-nan(ind) -nan(ind) -nan(ind) -nan(ind) -nan(ind) -nan(ind) -nan(ind) -nan(ind) nan nan 
nan nan nan nan nan nan nan nan nan inf 

Обратная матрица из генератора

-6.48826 -5.48826 -4.87846 -4.26865 -3.65884 -3.04903 -2.43923 -1.82942 -1.21961 -0.609807 
4.93818 3.93818 3.71857 3.25375 2.78893 2.32411 1.85928 1.39446 0.929642 0.464821 
0.861148 0.861148 0.470955 0.571176 0.48958 0.407983 0.326386 0.24479 0.163193 0.0815966 
0.300496 0.300496 0.300496 0.0552889 0.173718 0.144765 0.115812 0.086859 0.057906 0.028953 
0.137503 0.137503 0.137503 0.137503 -0.0443147 0.0686311 0.0549049 0.0411787 0.0274525 0.0137262 
0.0724151 0.0724151 0.0724151 0.0724151 0.0724151 -0.0749669 0.0309952 0.0232464 0.0154976 0.00774881 
0.0408903 0.0408903 0.0408903 0.0408903 0.0408903 0.0408903 -0.0857817 0.0149681 0.00997872 0.00498936 
0.0231813 0.0231813 0.0231813 0.0231813 0.0231813 0.0231813 0.0231813 -0.0905297 0.00723772 0.00361886 
0.0116725 0.0116725 0.0116725 0.0116725 0.0116725 0.0116725 0.0116725 0.0116725 -0.0940667 0.00296665 
0.00277251 0.00277251 0.00277251 0.00277251 0.00277251 0.00277251 0.00277251 0.00277251 0.00277251 -0.0986137 

